
u = [1420 1420 1340 1340